reference_name=FCAF_GATE
x=-245.2
y=-2225.1001
z=28.4
r=0.000000
interior=0
x2=0.0
y2=0.0
z2=0.0
r2=0.000000
interior2=0
trigger_distance=6.5
vehicles_allowed=1
speed=1.0
ox=-241.59961
oy=-2224.2998
oz=28.6
orx=-248.60001
ory=-2225.7
orz=28.6
cx=0.000000
cy=0.000000
cz=0.000000
crx=0.000000
cry=0.000000
crz=0.000000
object_model=976
object_mode=1
object_time=6000
text=Flint County Airfield
3dtext=1