reference_name=FCAF_FBO_Entrance_Apron
x=-258.5497
y=-2213.9868
z=29.4923
r=0.000000
interior=0
x2=-1929.8
y2=-190.39999
z2=934.79999
r2=0.000000
interior2=3
trigger_distance=15.0
vehicles_allowed=0
speed=0.000000
ox=0.000000
oy=0.000000
oz=0.000000
orx=0.000000
ory=0.000000
orz=0.000000
cx=0.000000
cy=0.000000
cz=0.000000
crx=0.000000
cry=0.000000
crz=0.000000
object_model=-1
object_type=0
object_time=0
text=Flint County Airfield FBO
3dtext=1