reference_name=FCAF_FBO_Entrance_Front
x=-265.9461
y=-2218.4834
z=29.6547
r=0.000000
interior=0
x2=-1929.8
y2=-196.39999
z2=934.70001
r2=0.000000
interior2=3
trigger_distance=15.0
vehicles_allowed=0
speed=0.000000
ox=0.000000
oy=0.000000
oz=0.000000
orx=0.000000
ory=0.000000
orz=0.000000
cx=0.000000
cy=0.000000
cz=0.000000
crx=0.000000
cry=0.000000
crz=0.000000
object_model=-1
object_type=0.000000
object_time=0
text=Flint County Airfield FBO
3dtext=1